x: 0         10         20         30         40         50         60         70         80         90         100         110         120         130         140         150         160         170         180         190         200         210         220         230         240         250         260         270         280         290         300         310         320         330         340         350         360         370         380         390         400         410         420         430         440         450         460         470         480         490         500         510         520         530         540         550         560         570         580         590         600         610         620         630         640         
136: ::::::::::::::::::::::::::::::::::::::::::::::::::::::::::::::::::::::::::::::::::::::::::::::::::::::::::::::::::::::::::::::::::::::::::::::::::::::::::::::::::::::::::::::::::::::::::::::::::::::::::::::::::::::::::::::::::::::::::::::::::::::::::::::::::::::::::::::::::::::::::::::::::::::::::::::::::::::::::::::::::::::::::::::::::::::::::::::::::::::::::::::::::::::::::::::::::::::::::::::::::::::::::::::::::::::::::::::::::::::::::::::::::::::::::::::::::::::::::::::::::::::::::::::::::::::::::::::::::::::::::::::::::::::::::::::::::::::::::::::::::::::::::::::::::::::::::::::::::::::::::::::::::::::::::::::::::::::::::::::::::::::::::
137: :::::::::::::::::::::::::::::::::::::::::::::::::::::::::::::::CCY::::::::::::::::::::::::::::::::::::::::::::::::::::::::::::::::::::::::::::::::::::::::::::::::::::::::::::::::::::::::::::::::::::::::::::::::::::::::::::::::::::::::::::::::::::::::::::::::::::::::::::::::::::::::::::::::::::::::::::::::::::::::::::::::::::::::::::::::::::::::::::::::::::::::::::::::::::::::::::::::::::::::::::::::::::::::::::::::::::::::::::::::::::::::::::::::::::::::::::::::::::::::::::::::::::::::::::::::::::::::::::::::::::::::::::::::::::::::::::::::::::::::::::::::::::::::CCY:::::::::::::::::::::::::::::::::::::::::::::::::::::::::::::::::::::::::::::
138: ::::::::::::::::::::::::::::CWWY:::::::::::::::::::::::::::::::CCY::::::::::::::::::::::::::::::::::::::::::::::::::::::::::::::::::::::::::::::::::::::::::::::::::::::::::::::::::::::::::CWWY:::::::::::::::::::::::::::::::::::::CWWY::CCWYO:::::::::CWWY:::::::::::::::::::::::::::::::::::::::::::::::::::::::::::::::::::::::::::::::::::::::::::::::CWWY::::::::::CNO:::CYm::::::::::::::::::::::::::::CY:::::::::::::::::::::::::::::::::::::::::::::::::::::::::::::::::::::::::::::::::::::::::::::::::::::::::::CWWY:::::::::::::::::::::::CWWY:::CWWY:::::::::::::CY:::::::::CCY:::::::::::::::::::::::::::::::::::::::::::::::::::::::::::::::::::::::::::::
139: ::::::::::::::::::::::::::::::CY::::::::::::::::::::::::::::::::::::::::::::::::::::::::::::::::::::::::::::::::::::::::::::::::::::::::::::::::::::::::::::::::::::::::::::::::::::::::::::::CY::::::::::::::::::::::::::::::::::::::CCY::::CNO:::::::::::CY:::::::::::::::::::::::::::::::::::::::::::::::::::::::::::::::::::::::::::::::::::::::::::::::::CY::::::::::CNO:::CYm::::::::::::::::::::::::::::CY:::::::::::::::::::::::::::::::::::::::::::::::::::::::::::::::::::::::::::::::::::::::::::::::::::::::::::::CY:::::::::::::::::::::::::CY:::::CY:::::::::::::CY:::::::::::::::::::::::::::::::::::::::::::::::::::::::::::::::::::::::::::::::::::::::::
140: ::::::::CCWYO::CCWWY:CCWWY::::CY::::::::::CCWWY:CCWWYm:CCWWY::CWWY::CCBWWY::CWWWWY::::::::::::::::::::::::::::::::::::::::::::::::::::::::::::::::::::::::::::::::::::::CCWYO::CCWWY:CCWWY::::CY:::::::::CNCWWY:CCWWYm:CYCWYO:CWWWY:::CCY::::CNO:::CWWYm:::CY:::::::::CCBWWY:CCBWWY::CWWY:::CWWYO:::::::::::::::::::::::::::::::::::::::CCWYO::CCWWY:CCWWY::::CY:::::::::CWWWWY:CYCWYO:CYCWYO:CCWWY::CWWWY::CCWWY:::::::::CWWYO:CCWWY::CLCWY::CCWYO:::::::::::::::::::::::::::::::::::::::::::::::::::::CCWYO::CCWWY:CCWWY::::CY::::::::::CCWWY::CWWYm:::CY:::::CY::::::::::CCWWY:CNBWWY:CWWY::CNO::CY:CCWWY::::::::::::::::::::::::::::::::::::::::::::::::::::::::::::::
141: :::::::CNO:CYmCCY::::::::CY:::CY::::::::::CY::::::::CY:CY:::::::CY::CCY:CYmCCY:CY::::::::::::::::::::::::::::::::::::::::::::::::::::::::::::::::::::::::::::::::::::::CNO:CYmCCY::::::::CY:::CY:::::::::CCY:CYm::::CY:CWY:CY::::CNO::CCY::::CNO::CYm:CY:::CY:::::::::CCY:CNOCCY:CNOCY::CY:CNO:::::::::::::::::::::::::::::::::::::::::CNO:CYmCCY::::::::CY:::CY::::::::::CNO:::CCY:CY:CWY:CY:CY:CCY::::CYmCCY:CY::::::::CNO:::CCY:CCY:CYmCCYCNO:CYm:::::::::::::::::::::::::::::::::::::::::::::::::::CNO:CYmCCY::::::::CY:::CY::::::::::CY::::CYm:CY:::CY:::::CY:::::::::CCY:CY:CCY:CYm::CY:::CY:CNOCCY:CNO:::::::::::::::::::::::::::::::::::::::::::::::::::::::::::::
142: :::::::CWWWWYmCYm::::CCWWWY:::CY:::::::::CNO:::::CWWWY:CCYm:::::CY::CCY:CYmCCY:CY::::::::::::::::::::::::::::::::::::::::::::::::::::::::::::::::::::::::::::::::::::::CWWWWYmCYm::::CCWWWY:::CY:::::::::CNO:CNO:CWWWY:CY:::::CCWWYO::CCY::::CNO::CWWWWY:::CY:::::::::CCY:CCYCCY::::CY::CY:CY::::::::::::::::::::::::::::::::::::::::::CWWWWYmCYm::::CCWWWY:::CY::::::::::CNO:::CYm:CY:CY::::CCWWWWY:CWWWYmCY::CY::::::::CY::::CNO::CY:CY::::CWWWWYm:::::::::::::::::::::::::::::::::::::::::::::::::::CWWWWYmCYm::::CCWWWY:::CY:::::::::CNO::::CWWWWY:::CY:::::CY:::::::::CY::CY:CNO::::::CY:::CY:CY:CCWWWYO:::::::::::::::::::::::::::::::::::::::::::::::::::::::::::::
143: :::::::CY:::::CYm::::CYm:CY:::CY:::::::::CNO::::CYO:CY:::CCYm:::CY::CCY:CYmCCWWYm::::::::::::::::::::::::::::::::::::::::::::::::::::::::::::::::::::::::::::::::::::::CY:::::CYm::::CYm:CY:::CY:::::::::CNO:CNOCYO:CY:CY::::CCY:CNO::CCY::::CNO::CY:::::::CY:::::::::CCY:CCYCCY::::CY::CY:CY::::::::::::::::::::::::::::::::::::::::::CY:::::CYm::::CYm:CY:::CY::::::::::CNO:::CYm:CY:CY::::CNO::::CCY:CYmCY::CY::::::::CY::::CNO::CY:CY::::CY::::::::::::::::::::::::::::::::::::::::::::::::::::::::CY:::::CYm::::CYm:CY:::CY:::::::::CNO::::CY:::::::CY:::::CY:::::::::CY::CY:CNO::::::CY:::CCOCY:CYm:::::::::::::::::::::::::::::::::::::::::::::::::::::::::::::::::
144: :::::::CCY::::CCY::::CY:CCY:::CY:::::::::CCY::::CYmCCY::::CNO:::CY::CCY:CYmCYm:::::::::::::::::::::::::::::::::::::::::::::::::::::::::::::::::::::::::::::::::::::::::CCY::::CCY::::CY:CCY:::CY:::::::::CNO:CY:CYmCCY:CY::::CCY:CYO::CCY::::CNO::CNO::::::CY:::::::::CCY:CYmCCY::::CY:CCY:CYO:::::::::::::::::::::::::::::::::::::::::CCY::::CCY::::CY:CCY:::CY::::::::::CCY:::CYm:CY:CY:::::CY::::CCY:CYmCNOCCY::::::::CYO:::CCY:CNY:CY::::CCY:::::::::::::::::::::::::::::::::::::::::::::::::::::::CCY::::CCY::::CY:CCY:::CY:::::::::CCY::::CNO::::::CY:::::CY:::::::::CNOCCY:CNO::::::CY::::CONm:CCY:::::::::::::::::::::::::::::::::::::::::::::::::::::::::::::::::
145: ::::::::CWWWY::CCWWY:CCWYCY:CWWWWY::::::::CCWWY:CCWYBY:CWWWY::CWWWWYCCY:CYmCCWWWYm::::::::::::::::::::::::::::::::::::::::::::::::::::::::::::::::::::::::::::::::::::::CWWWY::CCWWY:CCWYCY:CWWWWY:::::::CCWWYm:CCWYBY:CY:::::CWWONOCCWWWYOCCWWWYm:CWWWY:CWWWWY:::::::CCWWYO:CCY::::CCWWY:::CWWYO:::::::::::::::::::::::::::::::::::::::CWWWY::CCWWY:CCWYCY:CWWWWY:::::::::CWWY:CYm:CY:CY:::::CCWWYm:CWWLYm:CWYBY:::::::::CWWYO:CCWWY::CY:::::CWWWY:::::::::::::::::::::::::::::::::::::::::::::::::::::CWWWY::CCWWY:CCWYCY:CWWWWY::::::::CCWWY::CWWWY:CWWWWY:CWWWWY::::::::CWYBY:CNO::::CWWWWY::CCY:::CCWWY::::::::::::::::::::::::::::::::::::::::::::::::::::::::::::::
146: :::::::::::::::::::::::::::::::::::::::::::::::::::::::::::::::::::::::::::CY::CCY:::::::::::::::::::::::::::::::::::::::::::::::::::::::::::::::::::::::::::::::::::::::::::::::::::::::::::::::::::::::CNO::::::::::::::::::::::::::::::::::::::::::::::::::::::::::CCY:::::::::::::::::::::::::::::::::::::::::::::::::::::::::::::::::::::::::::::::::::::::::::::::::::::::::::::::::::::::::::::::::::::::::::::::::::::::::::::::::::::::::::::::::::::::::::::::::::::::::::::::::::::::::::::::::::::::::::::::::::::::::::::::::::::::::::::::::::::::::::::::::::::::::::::::::::::::::::::::::::::::::::::::::::::::::::::::::::::::::::::::::::::::::::::::::
147: :::::::::::::::::::::::::::::::::CCWWWWWYm:::::::::::::::::::::::::::::::::CCWWWY::::::::::::::::::::::::::::::::::::::::::::::::::::::::::::::::::::::::::::::::::::::::::::::::::::::::::::::::CCWWWWWYBNO:::::::::::::::::::::::::::::::::::::::::::::::::::CWWWWWYmCY::::::::::::::::::::::::::::::::::::::::::::::::::::::::::::::::::::::::::::::::::::::::CCWWWWWYm:::::::::::::::::::::::::::::::::::::::CCWWWWWY::::::::::::::::::::::::::::::::::::::::::::::::::::::::::::::::::::::::::::::::::::::::::::::::::::::::CCWWWWWYm:::::::::::::::::::::::::CCWWWWWYm::::::::::::::::::::::::::::::::::::::::::::::::::::::::::::::::::::::::::::::::::::::::::::::
148: ::::::::::::::::::::::::::::::::::::::::::::::::::::::::::::::::::::::::::::::::::::::::::::::::::::::::::::::::::::::::::::::::::::::::::::::::::::::::::::::::::::::::::::::::::::::::::::::::::::::::::::::::::::::::::::::::::::::::::::::::::::::::::::::::::::::::::::::::::::::::::::::::::::::::::::::::::::::::::::::::::::::::::::::::::::::::::::::::::::::::::::::::::::::::::::::::::::::::::::::::::::::::::::::::::::::::::::::::::::::::::::::::::::::::::::::::::::::::::::::::::::::::::::::::::::::::::::::::::::::::::::::::::::::::::::::::::::::::::::::::::::::::::::::::::::::::::::::::::::::::::::::::::::::::::::::::::::::::::::::::::::::::::
