x: 0         10         20         30         40         50         60         70         80         90         100         110         120         130         140         150         160         170         180         190         200         210         220         230         240         250         260         270         280         290         300         310         320         330         340         350         360         370         380         390         400         410         420         430         440         450         460         470         480         490         500         510         520         530         540         550         560         570         580         590         600         610         620         630         640         
296: ::::::::::::::::::::::::::::::::::::::::::::::::::::::::::::::::::::::::::::::::::::::::::::::::::::::::::::::::::::::::::::::::::::::::::::::::::::::::::::::::::::::::::::::::::::::::::::::::::::::::::::::::::::::::::::::::::::::::::::::::::::::::::::::::::::::::::::::::::::::::::::::::::::::::::::::::::::::::::::::::::::::::::::::::::::::::::::::::::::::::::::::::::::::::::::::::::::::::::::::::::::::::::::::::::::::::::::::::::::::::::::::::::::::::::::::::::::::::::::::::::::::::::::::::::::::::::::::::::::::::::::::::::::::::::::::::::::::::::::::::::::::::::::::::::::::::::::::::::::::::::::::::::::::::::::::::::::::::::::::::::::::::::
297: ::::::::::::::::::::::::::::::::::::::::::::::::::::::::::::::::::::::::::::::::::::::::::::::::::::::::::::::::::::::::::::::::::::::::::::::::::::::::::::::::::::::::::::::::::::::::::::::::::::::::::::::::::::::::::::::::::::::::::::::::::::CYm:::::::::::::::::::::::::::::::::::::::::::::::::::::::::::::::::::::::::::::::::::::::::::::::::::::::::::::::::::::::::::::::::::::::::::::::::::::::::::::::::::::::::::::::::::::::::::::::::::::::::::::::::::::::::::::::::::::::::::::::::::::::::::::::::::::::::::::::::::::::::::::::::::::::::::::::::::::::::::::::::::::::::::::::::::::::::::::::::::::::::::::::::::::::::::::::::::::::::::::::::::
298: ::::::::::::::::::::::::::::CWWY::::::::::::::::::::::::::::::::::::CCY::::::::::::::::::::::::::::::::CWWY:::::::::::::::::::::::::::::::::::::::::::::::::::::::::::::::::::::::::::::::::CWWY::::::::::CNO:::::::::::::::::::::::::::::::::::::::CYm:::CY:::::CY::::::::::::::::::::::::CY:::::::::::::::::::::::::::::::::::::::::::::::::::::::::::::::CWWY:::::::::::::::::::::::::::::::CY:::::::::::::::::CCWYm::CWWY:::::::::::::::::::::::::CWWYm:::::::::::::::::::::CNO:::::::::::::::::::::::::::::::::::::::::CWWY:::::::::::::::::::::::::::::::CY:::::::::::::::::CCWYm::CWWY:::::::::::::::::::::::::CWWYm:::::::::::::::::::::CNO:::::::::::::::::::CWWY
299: ::::::::::::::::::::::::::::::CY::::::::::::::::::::::::::::::::::::CCY:::::::::::::::::::::::::::::::::CCY:::::::::::::::::::::::::::::::::::::::::::::::::::::::::::::::::::::::::::::::::::CY::::::::::CNO:::::::::::::::::::::::::::::::::::::::::::::CY:::::CY::::::::::::::::::::::::CY:::::::::::::::::::::::::::::::::::::::::::::::::::::::::::::::::CY:::::::::::::::::::::::::::::::CY:::::::::::::::::::CYm::::CY::::::::::::::::::::::::CCY::::::::::::::::::::::::CNO:::::::::::::::::::::::::::::::::::::::::::CY:::::::::::::::::::::::::::::::CY:::::::::::::::::::CYm::::CY::::::::::::::::::::::::CCY::::::::::::::::::::::::CNO::::::::::::::::::CYm::
300: ::::::::CCWYO::CCWWY:CCWWY::::CY:::::::::CWCYCYO:CWWYm:::::::::CWWYmCCBWWY::CWWYO:CYCWYO:CLCWY::CCWWY:::CCY:::::::::::::::::::::::::::::::::::::::::::::::::::::::::::::CCWYO::CCWWY:CCWWY::::CY:::::::::CWWWWY:CNBWWY:CCWWY::CBWWY::CCWWY:CWCYCYOCCWYm:CCWWWWYCWWWWYO:CCWWY:CCBWWY::::::::COCWY::CY:CNO:CCWWY::::::::::::::::::::::::::CCWYO::CCWWY:CCWWY::::CY::::::::::CCWWY::CWWYm:CLCWY:CWWWWYO:CLCWY::CWWYO:::CYm::::CY:::CCWWY::CLCWY:::::::::CNO:::CYCWYO:CCWWY:CCBWWY:CWWWWY:::::::::::::::::::CCWYO::CCWWY:CCWWY::::CY::::::::::CCWWY::CWWYm:CLCWY:CWWWWYO:CLCWY::CWWYO:::CYm::::CY:::CCWWY::CLCWY:::::::::CNO:::CYCWYO:CCWWY:CCBWWY:CWWWWY::::::::CCWWY:::CY:::
301: :::::::CNO:CYmCCY::::::::CY:::CY:::::::::CYBCYCYCYm:CY::::::::CYm:::CCYmCYm::::CY:CCY:CY:CYOCCY:CY:CCY::CCY::::::::::::::::::::::::::::::::::::::::::::::::::::::::::::CNO:CYmCCY::::::::CY:::CY::::::::::CNO:::CCY:CYm:::CCY:CYmCNO:CY::::CYBCYCY::CYm:::CY:::::CY:::CCY:CNOCCY:CNO:::::::CYOCCY:CY:CNO:CY::::::::::::::::::::::::::::CNO:CYmCCY::::::::CY:::CY::::::::::CY::::CYm:CY:CYOCCY::CY::::CYmCCYCNO:CYm::CYm::::CY:::CY:CCY:CYmCCY::::::CCWWWWY:CWY:CYCCY:CCYCCY:CYm:CNO::::::::::::::::::::CNO:CYmCCY::::::::CY:::CY::::::::::CY::::CYm:CY:CYOCCY::CY::::CYmCCYCNO:CYm::CYm::::CY:::CY:CCY:CYmCCY::::::CCWWWWY:CWY:CYCCY:CCYCCY:CYm:CNO::::::::::CY:CCYCCWWWYO
302: :::::::CWWWWYmCYm::::CCWWWY:::CY:::::::::CYCYmCYCWWWWY::::::::CY::::CCY:CYm:CWWWY:CYm:CY:CY:CCYCCWWWWY::CCY::::::::::::::::::::::::::::::::::::::::::::::::::::::::::::CWWWWYmCYm::::CCWWWY:::CY::::::::::CNO:::CNO::::CCWWWY:CY:CNO:CWY:::CYCYmCY::CYm:::CY:::::CY:::CCWWWYOCCY:::::::::::CY::CY:CY:CNO:CWY:::::::::::::::::::::::::::CWWWWYmCYm::::CCWWWY:::CY:::::::::CNO::::CY::CYmCY:CCY::CY::::CY::::CY::CNO::CYm::::CY::CCWWWWY:CY::::::::::::CNO:::CY::::CNO::CYCCY:CYm:CNO::::::::::::::::::::CWWWWYmCYm::::CCWWWY:::CY:::::::::CNO::::CY::CYmCY:CCY::CY::::CY::::CY::CNO::CYm::::CY::CCWWWWY:CY::::::::::::CNO:::CY::::CNO::CYCCY:CYm:CNO:::::::::CCY::CY::CY:::
303: :::::::CY:::::CYm::::CYm:CY:::CY:::::::::CYCYmCYCY::::::::::::CY::::CCY:CYmCNY:CY:CYm:CY:CY:CCYCNO::::::CCY::::::::::::::::::::::::::::::::::::::::::::::::::::::::::::CY:::::CYm::::CYm:CY:::CY::::::::::CNO:::CNO::::CY:CCY:CY:CNO:::CWY:CYCYmCY::CYm:::CY:::::CY:::CYm::::CCY:::::::::::CY::CY:CY:CNO:::CWY:::::::::::::::::::::::::CY:::::CYm::::CYm:CY:::CY:::::::::CNO::::CY::CYmCY:CCY::CY::::CY::::CY::CNO::CYm::::CY::CNO:::::CY::::::::::::CNO:::CY::::CNO::CYCCY:CYm:CNO::::::::::::::::::::CY:::::CYm::::CYm:CY:::CY:::::::::CNO::::CY::CYmCY:CCY::CY::::CY::::CY::CNO::CYm::::CY::CNO:::::CY::::::::::::CNO:::CY::::CNO::CYCCY:CYm:CNO:::::::::CCY::CY::CY:::
304: :::::::CCY::::CCY::::CY:CCY:::CY:::::::::CYCYmCYCNO:::::::::::CYm:::CCY:CYmCNOCCY:CYm:CY:CY:CCY:CY::::::CCY::::::::::::::::::::::::::::::::::::::::::::::::::::::::::::CCY::::CCY::::CY:CCY:::CY::::::::::CCY:::CNO::::CY:CWY:CY:CNO::::CY:CYCYmCY::CYm:::CY:::::CY:::CCY::::CCY:::::::::::CY:CCY:CY:CYO::::CY:::::::::::::::::::::::::CCY::::CCY::::CY:CCY:::CY:::::::::CCY::::CYm:CY:CY:CCY::CY::::CY::::CNO:CYm::CYm::::CY:::CY:::::CY::::::::::::CNO:::CY::::CCY:CNYCCY:CYm:CCY::::::::::::::::::::CCY::::CCY::::CY:CCY:::CY:::::::::CCY::::CYm:CY:CY:CCY::CY::::CY::::CNO:CYm::CYm::::CY:::CY:::::CY::::::::::::CNO:::CY::::CCY:CNYCCY:CYm:CCY::::::::::CY:CCY::CY:::
305: ::::::::CWWWY::CCWWY:CCWYCY:CWWWWY:::::::CYCYmCY:CWWWY:::::::::CWWYmCCY:CYm:CWWBY:CYm:CY:CY:CCY:CCWWYmCCWWWYO:::::::::::::::::::::::::::::::::::::::::::::::::::::::::::CWWWY::CCWWY:CCWYCY:CWWWWY:::::::::CWWY:CNO::::CCWYCY:CY:CNOCCWWWY:CYCYmCYCCWWWY::CCWWY::CCWYO:CCWWY:CCY:::::::::::CWWWY::CCWONOCCWWWY::::::::::::::::::::::::::CWWWY::CCWWY:CCWYCY:CWWWWY::::::::CCWWY::CWWYm:CY:CCY::CCWYO:CY:::::CWWYO:CCWWWY:CWWWWY:CCWWYm:CY::::::::::::CNO:::CY:::::CCWWY:CCY:CYm::CWWY:::::::::::::::::::CWWWY::CCWWY:CCWYCY:CWWWWY::::::::CCWWY::CWWYm:CY:CCY::CCWYO:CY:::::CWWYO:CCWWWY:CWWWWY:CCWWYm:CY::::::::::::CNO:::CY:::::CCWWY:CCY:CYm::CWWY::::::::CCWWY:::CY:::
306: ::::::::::::::::::::::::::::::::::::::::::::::::::::::::::::::::::::::::::::::::::::::::::::::::::::::::::::::::::::::::::::::::::::::::::::::::::::::::::::::::::::::::::::::::::::::::::::::::::::::::::::::::::::::::::::::::::::::::::::::::::::::::::::::::::::::::::::::::::::::::::::::::::::::::::::::::::::::::::::::::::::::::::::::::::::::::::::::::::::::::::::::::::::::::::::::::::::::::::::::::::::::::::::::::::::::::::::::::::::::::::::::::::::::::::::::::::::::::::::::::::::::::::::::::::::::::::::::::::::::::::::::::::::::::::::::::::::::::::::::::::::::::::::::::::::::::::::::::::::::::::::::::::::::::::::::::::::::::::::::::::::::::::
307: :::::::::::::::::::::::::::::::::CCWWWWWYm::::::::::::CWWWWWWY:::::::::::::::::::::::::::::::::::::::::::::::::::::::::::::::::::::::::::::::::::::::::::::::::::::::::::::::::::::::::::::::::::CCWWWWWYm:::::::::::::::::::::::::::::::::::::::::::::::::::::::::::::::::::::::::CWWWWWWY::::::::::::::::::::::::::::::::::::::::::::::::::::::::::::::::::::::CCWWWWWYm::::::::::::::::::::::::::::::::::::::::::::::::::::::::::::::::::CCWWWWWY:::::::::::::::::::::::::::::::::::::::::::::::::::::::::::::::::::::::::::::CCWWWWWYm::::::::::::::::::::::::::::::::::::::::::::::::::::::::::::::::::CCWWWWWY:::::::::::::::::::::::::::::::::CWWWWWWY:::::::::::::
308: ::::::::::::::::::::::::::::::::::::::::::::::::::::::::::::::::::::::::::::::::::::::::::::::::::::::::::::::::::::::::::::::::::::::::::::::::::::::::::::::::::::::::::::::::::::::::::::::::::::::::::::::::::::::::::::::::::::::::::::::::::::::::::::::::::::::::::::::::::::::::::::::::::::::::::::::::::::::::::::::::::::::::::::::::::::::::::::::::::::::::::::::::::::::::::::::::::::::::::::::::::::::::::::::::::::::::::::::::::::::::::::::::::::::::::::::::::::::::::::::::::::::::::::::::::::::::::::::::::::::::::::::::::::::::::::::::::::::::::::::::::::::::::::::::::::::::::::::::::::::::::::::::::::::::::::::::::::::::::::::::::::::::::
